Z51
V82
V81
V80
V79
V78
V77
V76
V73
V72
V71
V70
V68
V67
V65
V62
V59
V58
V57
V56
V55
V54
V53
V52
V51
V50
V49
V48
V46
V45
V44
V43
V42
V41
V40
V35
V34
V33
V31
V30
V29
V28
V27
V26
V25
V24
V23
V22
V21
V20
V15
V14
V13
V12
V11
V10
V08
V06
V04
V03
V02
V01
T84
T20
S83
S72
S68
S61
S43
S42
S22
S06
R50
R31
R11
R07
R06
R00
Q55
O43
N40
N39
N30
N20
N10
M81
M79
M72
M54
M30
M25
M20
M17
L03
L02
K92
K86
K80
K75
K64
K60
K56
K40
J91
J47
J44
J34
J32
J18
J11
J05
I67
I63
I60
I50
I47
I25
I20
H65
H43
H33
G56
G43
G40
G36
G21
G05
E86
E66
E07
D49
D34
D33
D32
D25
C92
C71
C56
C53
C50
C34
C22
C20
C18
C16
C15
C11
B08
B00
A41
999
998
997
996
995
994
993
992
991
990
989
988
987
986
985
984
983
982
981
980
979
977
976
975
974
973
972
971
969
968
967
966
965
964
963
962
961
959
958
957
956
955
954
953
952
951
950
949
948
947
946
945
944
943
942
941
940
939
938
937
936
935
934
933
932
931
930
929
928
927
926
925
924
923
922
921
920
919
918
917
916
915
914
913
912
911
910
909
908
907
906
905
904
903
902
901
900
8A8
8A5
897
896
895
894
893
892
891
890
887
886
885
884
883
882
881
880
879
878
877
876
875
874
873
872
871
870
869
868
867
866
865
864
863
862
861
860
854
853
852
851
850
848
847
846
845
844
843
842
841
840
839
838
837
836
835
834
833
832
831
830
829
828
827
826
825
824
823
822
821
820
819
818
817
816
815
814
813
812
811
810
809
808
807
806
805
804
803
802
801
800
799
798
797
796
795
794
793
792
791
790
789
788
787
786
785
784
783
782
781
780
779
778
776
775
774
773
771
770
769
768
766
765
764
763
762
761
760
759
758
757
756
755
754
753
752
751
750
749
748
747
746
745
744
743
742
741
740
739
738
737
736
735
734
733
732
731
730
729
728
727
726
725
724
723
722
721
720
719
718
717
716
715
714
713
712
711
710
709
708
707
706
705
704
703
702
701
700
698
697
696
695
694
693
692
691
690
686
685
684
683
682
681
680
677
676
675
674
673
672
671
670
669
667
666
665
664
663
662
661
660
659
658
657
656
655
654
653
652
651
650
648
647
646
645
644
643
642
641
640
639
637
636
635
634
634
633
632
631
630
629
628
627
626
625
624
623
622
621
620
619
618
617
616
615
614
611
610
608
607
606
605
604
603
602
601
600
599
598
597
596
595
594
593
592
591
590
589
588
587
586
585
584
583
582
581
580
579
578
577
576
575
574
573
572
571
570
569
568
567
566
565
564
562
560
558
557
556
555
553
552
551
550
543
542
541
540
537
536
535
534
533
532
531
530
529
528
527
526
525
524
523
522
521
520
519
518
517
516
515
514
513
512
511
510
508
507
506
505
504
502
500
496
494
493
492
491
490
487
486
485
484
483
482
481
480
478
477
476
475
474
473
472
471
470
466
465
464
463
462
461
460
459
458
457
456
455
454
453
452
451
448
447
446
444
443
442
441
440
438
437
436
435
434
433
432
431
430
429
428
427
426
425
424
423
422
421
420
417
416
415
414
413
412
411
410
405
404
403
402
401
398
397
396
395
394
393
392
391
390
389
388
387
386
385
384
383
382
381
380
379
378
377
376
375
374
373
372
371
370
369
368
367
366
365
364
363
362
361
360
359
358
357
356
355
354
353
352
351
350
349
348
347
346
345
344
343
342
341
340
337
336
335
334
333
332
331
330
326
325
324
323
322
321
320
319
318
317
316
315
314
313
312
311
310
309
308
307
306
305
304
303
302
301
300
299
298
297
296
295
294
293
292
291
290
289
288
287
286
285
284
283
282
281
280
279
278
277
276
275
274
273
272
271
270
269
268
266
264
263
262
261
259
258
257
256
255
254
253
252
251
250
246
245
244
243
242
241
240
239
238
237
236
235
234
233
232
231
230
229
228
227
226
225
224
223
222
221
220
219
218
217
216
215
214
213
212
211
210
208
207
206
205
204
203
202
201
200
199
198
197
196
195
194
193
192
191
190
189
188
187
186
185
184
183
182
181
180
179
176
175
174
173
172
171
170
165
164
163
162
161
160
159
158
157
156
155
154
153
152
151
150
149
148
147
146
145
144
143
142
141
140
138
137
136
135
134
133
130
129
126
123
117
116
115
112
111
110
104
101
100
99
98
97
96
94
92
91
90
88
87
86
84
83
82
81
80
79
78
77
75
74
72
71
70
66
62
61
57
56
55
54
53
52
49
48
47
46
45
42
41
40
39
38
37
36
35
34
33
32
31
27
25
24
18
17
16
15
14
13
12
11
10
9
8
7
6
5
4
3
2
